% P_prediction
function P = prediction_step(P, Q,dt)
    H = [1 0 0 dt 0 0;
         0 1 0 0 dt 0;
         0 0 1 0 0 dt;
         0 0 0 1 0 0;
         0 0 0 0 1 0;
         0 0 0 0 0 1];
    P = H * P * H' + Q;
end